proj:       3
zone:       0
north:      0
south:      0:30S
east:       78:06W
west:       78:48W
cols:       168
rows:       120
e-w resol:  0:00:15
n-s resol:  0:00:15
top:        1.000000000000000
bottom:     0.000000000000000
cols3:      168
rows3:      120
depths:     1
e-w resol3: 0:00:15
n-s resol3: 0:00:15
t-b resol:  1
