proj:       3
zone:       0
north:      30N
south:      26N
east:       79E
west:       74E
cols:       1200
rows:       960
e-w resol:  0:00:15
n-s resol:  0:00:15
top:        1.000000000000000
bottom:     0.000000000000000
cols3:      1200
rows3:      960
depths:     1
e-w resol3: 0:00:15
n-s resol3: 0:00:15
t-b resol:  1
