proj:       3
zone:       0
north:      4S
south:      8S
east:       108E
west:       104E
cols:       960
rows:       960
e-w resol:  0:00:15
n-s resol:  0:00:15
top:        1.000000000000000
bottom:     0.000000000000000
cols3:      960
rows3:      960
depths:     1
e-w resol3: 0:00:15
n-s resol3: 0:00:15
t-b resol:  1
